seed 0
00000000
00000000
00000000
00000000
00000000
00000000
00000000
00000000
seed 1
01111000
11111000
11111000
11110000
11110000
11100000
11100000
11100000
seed 2
11110000
11110000
11100000
11100000
11000000
11000000
10000000
10000000
seed 3
11001110
10011110
00011110
00111110
00111100
01111110
01111100
11111100
seed 4
00000000
00000000
00000001
00000111
00001111
00011110
00111100
01111000
seed 5
11111000
11110000
11100000
11100000
11000000
11000000
10000000
00000000
seed 6
00000000
00000000
00000000
00000000
00000000
00000000
00000000
00000000
seed 7
11100100
10000110
00000110
10000111
10000111
11000111
11000111
11100111
seed 8
11111100
11111100
11111000
11111000
11110000
11110000
11100000
11100000
seed 9
00001111
00011111
00111111
00111111
01111111
11111111
11111111
11111111
seed 10
01111111
00111111
00111111
00111111
00011111
00011111
00011111
00001111
seed 11
00001100
00011000
00110000
00100000
01000000
00000001
00000001
00000011
seed 12
00000000
00000000
00000000
00000000
00000000
00000000
00000000
00000000
seed 13
11111111
11111111
11111111
11111111
11111111
11111110
11111100
11111100
seed 14
11110000
11100000
11100001
11000011
10000011
00000111
00001111
00011111
seed 15
00000000
00000000
00000111
01111111
11111111
11111000
00000000
00000000
