log-random-fast.txt
estimate_gpu_ms device=AMD Radeon RX 7900 XTX (RADV NAVI31) timestamp_period_ns=10.000000 valid_bits=64 warmup=30 repeat=100 mean=3.208686 median=3.194200 p95=3.413240 min=3.109840 max=3.432240
estimate_gpu_ms_raw=3.109840,3.110480,3.110720,3.110800,3.110840,3.111800,3.112280,3.112400,3.112400,3.112640,3.112720,3.112720,3.113240,3.113720,3.114000,3.116040,3.117000,3.119000,3.119120,3.119200,3.120200,3.120360,3.124600,3.127120,3.130200,3.132160,3.136560,3.143440,3.146600,3.146960,3.151400,3.152200,3.158640,3.160320,3.161720,3.169760,3.176200,3.176880,3.178280,3.178360,3.178600,3.178880,3.181480,3.181640,3.182640,3.185480,3.187080,3.189440,3.190800,3.191200,3.194200,3.200320,3.201000,3.202800,3.207280,3.207880,3.208560,3.209120,3.209400,3.209640,3.210120,3.213000,3.213200,3.216080,3.217480,3.225600,3.226000,3.227120,3.229480,3.230680,3.231040,3.231440,3.231920,3.232680,3.235560,3.239320,3.241560,3.246200,3.252600,3.266880,3.267240,3.276360,3.289680,3.296600,3.304440,3.305480,3.310440,3.327640,3.338440,3.339080,3.361720,3.378720,3.379000,3.401200,3.403120,3.413240,3.416080,3.423800,3.425720,3.432240,
log-random-w8.txt
estimate_gpu_ms device=AMD Radeon RX 7900 XTX (RADV NAVI31) timestamp_period_ns=10.000000 valid_bits=64 warmup=30 repeat=100 mean=3.199486 median=3.189080 p95=3.398880 min=3.099720 max=3.423520
estimate_gpu_ms_raw=3.099720,3.100240,3.100520,3.101080,3.101120,3.101400,3.103640,3.103880,3.104080,3.104520,3.104760,3.105200,3.105680,3.105800,3.105840,3.106840,3.107160,3.108800,3.108960,3.110880,3.111120,3.111280,3.112920,3.114760,3.116960,3.122320,3.128400,3.134560,3.142440,3.147360,3.148000,3.150960,3.152440,3.152920,3.156720,3.157280,3.157520,3.158040,3.158520,3.161800,3.166040,3.166840,3.169240,3.169640,3.170640,3.175000,3.176240,3.177040,3.177800,3.184480,3.189080,3.190200,3.191360,3.192760,3.194800,3.199320,3.202040,3.204160,3.208120,3.209400,3.209720,3.212680,3.214880,3.218040,3.218840,3.221120,3.221520,3.222840,3.223200,3.224680,3.226440,3.228640,3.229200,3.229840,3.230120,3.230680,3.234760,3.235080,3.237640,3.240120,3.249480,3.256280,3.257120,3.288640,3.291720,3.296920,3.308320,3.314640,3.326000,3.347360,3.348640,3.355800,3.370160,3.391200,3.393880,3.398880,3.400480,3.409360,3.409520,3.423520,
log-random64-fast.txt
estimate_gpu_ms device=AMD Radeon RX 7900 XTX (RADV NAVI31) timestamp_period_ns=10.000000 valid_bits=64 warmup=30 repeat=100 mean=0.136488 median=0.138440 p95=0.142640 min=0.126160 max=0.143600
estimate_gpu_ms_raw=0.126160,0.126240,0.126280,0.126320,0.126400,0.126520,0.126560,0.126600,0.126600,0.126680,0.126720,0.126840,0.127360,0.128360,0.129680,0.130040,0.130080,0.130080,0.130240,0.130440,0.130800,0.134240,0.134960,0.136320,0.136480,0.136520,0.136720,0.136840,0.136960,0.137320,0.137680,0.137840,0.137880,0.137920,0.138000,0.138000,0.138040,0.138160,0.138160,0.138160,0.138160,0.138200,0.138200,0.138200,0.138320,0.138360,0.138400,0.138400,0.138400,0.138440,0.138440,0.138440,0.138480,0.138480,0.138480,0.138520,0.138520,0.138560,0.138560,0.138560,0.138600,0.138600,0.138640,0.138640,0.138720,0.138760,0.138760,0.138760,0.138800,0.138800,0.138800,0.138840,0.138840,0.138880,0.138920,0.138920,0.138920,0.138960,0.139040,0.139040,0.139080,0.139080,0.139120,0.139120,0.139120,0.139160,0.139160,0.139280,0.139360,0.139400,0.139720,0.140920,0.141240,0.141720,0.142320,0.142640,0.142840,0.143160,0.143240,0.143600,
log-random64-w8.txt
estimate_gpu_ms device=AMD Radeon RX 7900 XTX (RADV NAVI31) timestamp_period_ns=10.000000 valid_bits=64 warmup=30 repeat=100 mean=0.135456 median=0.137480 p95=0.142280 min=0.124320 max=0.144080
estimate_gpu_ms_raw=0.124320,0.124560,0.124640,0.124800,0.125360,0.125440,0.125440,0.125480,0.125520,0.125680,0.125680,0.125920,0.126240,0.126480,0.128640,0.128960,0.129080,0.129400,0.129560,0.129680,0.129680,0.129720,0.129760,0.130000,0.130760,0.133360,0.133480,0.134000,0.134120,0.134320,0.135440,0.135560,0.135800,0.136040,0.136200,0.136400,0.136680,0.136880,0.137200,0.137240,0.137240,0.137320,0.137320,0.137320,0.137320,0.137360,0.137360,0.137360,0.137400,0.137440,0.137480,0.137520,0.137520,0.137600,0.137640,0.137640,0.137680,0.137680,0.137680,0.137720,0.137720,0.137720,0.137760,0.137760,0.137800,0.137800,0.137800,0.137840,0.137880,0.137880,0.137920,0.137960,0.138000,0.138040,0.138040,0.138160,0.138160,0.138320,0.138320,0.138320,0.138360,0.138400,0.138400,0.138440,0.138520,0.140640,0.141360,0.141680,0.141720,0.141760,0.142000,0.142000,0.142000,0.142040,0.142120,0.142280,0.142320,0.142440,0.142680,0.144080,
log-real-fast.txt
estimate_gpu_ms device=AMD Radeon RX 7900 XTX (RADV NAVI31) timestamp_period_ns=10.000000 valid_bits=64 warmup=30 repeat=100 mean=3.179439 median=3.163240 p95=3.385120 min=3.085120 max=3.415560
estimate_gpu_ms_raw=3.085120,3.085120,3.086720,3.087200,3.087480,3.087800,3.087840,3.088960,3.089200,3.089240,3.089800,3.089960,3.091200,3.091280,3.091640,3.092120,3.094000,3.095320,3.096000,3.096920,3.099880,3.102280,3.103000,3.108640,3.109080,3.109440,3.110320,3.111600,3.112920,3.117080,3.118200,3.121200,3.126960,3.131120,3.131560,3.131600,3.135240,3.137400,3.138160,3.139000,3.139000,3.140920,3.153200,3.153520,3.155160,3.155360,3.156560,3.157520,3.160000,3.161920,3.163240,3.164880,3.165080,3.167400,3.171280,3.176520,3.179480,3.180920,3.182120,3.182800,3.183720,3.184680,3.186560,3.186880,3.189840,3.190520,3.190760,3.192120,3.192720,3.193480,3.194640,3.195960,3.199600,3.200000,3.202200,3.203560,3.205960,3.215560,3.219240,3.229480,3.232240,3.246080,3.247000,3.265120,3.266000,3.277520,3.278840,3.288720,3.294040,3.315280,3.355400,3.356000,3.372000,3.372880,3.377080,3.385120,3.390000,3.392480,3.394560,3.415560,
log-real-w8.txt
estimate_gpu_ms device=AMD Radeon RX 7900 XTX (RADV NAVI31) timestamp_period_ns=10.000000 valid_bits=64 warmup=30 repeat=100 mean=3.190867 median=3.175920 p95=3.391560 min=3.096200 max=3.417160
estimate_gpu_ms_raw=3.096200,3.096320,3.097400,3.098800,3.098960,3.099720,3.100480,3.100720,3.100760,3.101520,3.102360,3.102400,3.102520,3.102880,3.104160,3.105240,3.105640,3.108160,3.108640,3.110360,3.110560,3.111000,3.112440,3.116080,3.123240,3.123280,3.124520,3.124600,3.128840,3.133080,3.137880,3.138400,3.138440,3.147400,3.151040,3.151720,3.154280,3.154440,3.154840,3.156040,3.156160,3.156600,3.160800,3.162600,3.164560,3.170960,3.171760,3.172640,3.173800,3.175880,3.175920,3.183880,3.184680,3.185280,3.189920,3.191000,3.191520,3.193280,3.194160,3.194400,3.195160,3.198240,3.200800,3.202120,3.202440,3.203920,3.204240,3.205160,3.205560,3.207600,3.208240,3.209680,3.210000,3.210640,3.211320,3.211760,3.213320,3.218240,3.239240,3.239800,3.248880,3.250840,3.268000,3.282480,3.284120,3.299240,3.302800,3.305800,3.307320,3.311000,3.313680,3.327240,3.343480,3.346440,3.390920,3.391560,3.397040,3.404800,3.411240,3.417160,
log-real64-fast.txt
estimate_gpu_ms device=AMD Radeon RX 7900 XTX (RADV NAVI31) timestamp_period_ns=10.000000 valid_bits=64 warmup=30 repeat=100 mean=0.140537 median=0.142680 p95=0.143520 min=0.128800 max=0.143800
estimate_gpu_ms_raw=0.128800,0.129120,0.129880,0.130200,0.130320,0.130480,0.130640,0.130880,0.131520,0.133360,0.133600,0.133640,0.133720,0.133880,0.133880,0.134120,0.135280,0.136480,0.136560,0.136880,0.136920,0.137880,0.139200,0.140160,0.140280,0.140600,0.140720,0.140800,0.140880,0.141040,0.141680,0.141760,0.141800,0.141880,0.142040,0.142160,0.142240,0.142240,0.142280,0.142280,0.142320,0.142400,0.142400,0.142400,0.142520,0.142560,0.142600,0.142600,0.142640,0.142640,0.142680,0.142720,0.142720,0.142720,0.142760,0.142800,0.142800,0.142800,0.142840,0.142840,0.142880,0.142920,0.142920,0.142960,0.142960,0.142960,0.143000,0.143040,0.143040,0.143040,0.143040,0.143040,0.143080,0.143080,0.143080,0.143120,0.143120,0.143160,0.143160,0.143160,0.143200,0.143200,0.143240,0.143240,0.143280,0.143280,0.143320,0.143360,0.143360,0.143360,0.143360,0.143400,0.143480,0.143480,0.143480,0.143520,0.143520,0.143560,0.143640,0.143800,
log-real64-w8.txt
estimate_gpu_ms device=AMD Radeon RX 7900 XTX (RADV NAVI31) timestamp_period_ns=10.000000 valid_bits=64 warmup=30 repeat=100 mean=0.136965 median=0.137440 p95=0.138160 min=0.127920 max=0.138760
estimate_gpu_ms_raw=0.127920,0.127960,0.128200,0.133960,0.134040,0.134120,0.134360,0.134520,0.134560,0.134720,0.134920,0.135000,0.136760,0.136800,0.136840,0.136920,0.137000,0.137000,0.137080,0.137120,0.137120,0.137120,0.137160,0.137160,0.137160,0.137160,0.137160,0.137160,0.137160,0.137200,0.137200,0.137240,0.137240,0.137240,0.137280,0.137280,0.137280,0.137320,0.137320,0.137320,0.137320,0.137320,0.137360,0.137360,0.137360,0.137360,0.137400,0.137400,0.137440,0.137440,0.137440,0.137480,0.137480,0.137480,0.137480,0.137520,0.137520,0.137520,0.137560,0.137560,0.137560,0.137560,0.137560,0.137560,0.137560,0.137600,0.137600,0.137600,0.137600,0.137640,0.137640,0.137680,0.137720,0.137720,0.137720,0.137720,0.137760,0.137760,0.137760,0.137760,0.137800,0.137840,0.137840,0.137840,0.137840,0.137880,0.137880,0.137920,0.137920,0.137920,0.137920,0.137960,0.137960,0.138040,0.138080,0.138160,0.138160,0.138160,0.138640,0.138760,
log-static-fast.txt
estimate_gpu_ms device=AMD Radeon RX 7900 XTX (RADV NAVI31) timestamp_period_ns=10.000000 valid_bits=64 warmup=30 repeat=100 mean=0.501097 median=0.489120 p95=0.603600 min=0.421640 max=0.630240
estimate_gpu_ms_raw=0.421640,0.424320,0.425520,0.425840,0.426840,0.427000,0.428560,0.431520,0.431560,0.431960,0.435720,0.441400,0.441880,0.443080,0.443800,0.444760,0.447160,0.447600,0.448240,0.448480,0.449000,0.449120,0.452560,0.452680,0.452720,0.453000,0.453040,0.453440,0.456000,0.456320,0.456640,0.466360,0.466800,0.468280,0.469440,0.471880,0.474160,0.475240,0.475480,0.478040,0.478080,0.478120,0.478320,0.480200,0.480400,0.481920,0.482800,0.484440,0.484560,0.486320,0.489120,0.489240,0.490800,0.496720,0.501840,0.502280,0.507120,0.507600,0.510680,0.510880,0.511640,0.511880,0.512680,0.512720,0.514880,0.515640,0.515800,0.520600,0.521360,0.521400,0.536080,0.536280,0.541920,0.542320,0.542400,0.542920,0.544960,0.545200,0.549880,0.550080,0.551040,0.551160,0.556680,0.558760,0.559000,0.576520,0.578080,0.584680,0.585560,0.589880,0.594080,0.594080,0.595000,0.596600,0.597160,0.603600,0.604200,0.620040,0.624200,0.630240,
log-static-w8.txt
estimate_gpu_ms device=AMD Radeon RX 7900 XTX (RADV NAVI31) timestamp_period_ns=10.000000 valid_bits=64 warmup=30 repeat=100 mean=3.142119 median=3.097920 p95=3.341480 min=3.088440 max=3.362520
estimate_gpu_ms_raw=3.088440,3.089280,3.089680,3.090000,3.090600,3.090640,3.090760,3.090760,3.091000,3.091080,3.091560,3.092440,3.092760,3.092840,3.092960,3.093080,3.093160,3.093160,3.093320,3.093600,3.093640,3.093880,3.093920,3.093960,3.093960,3.094000,3.094120,3.094640,3.095080,3.095120,3.095120,3.095160,3.095200,3.095520,3.095560,3.095720,3.095960,3.096360,3.096400,3.096560,3.096720,3.096760,3.096880,3.096920,3.096960,3.097040,3.097120,3.097320,3.097520,3.097920,3.097920,3.098240,3.098760,3.098800,3.099720,3.100080,3.100200,3.100320,3.100480,3.100520,3.100840,3.102520,3.106520,3.110400,3.113760,3.115200,3.117200,3.121600,3.125000,3.125320,3.126400,3.132000,3.153600,3.161680,3.166680,3.180480,3.182040,3.187440,3.187960,3.197920,3.200920,3.215360,3.218040,3.226560,3.230720,3.235040,3.244880,3.248600,3.276920,3.285640,3.287160,3.291160,3.317240,3.339600,3.340040,3.341480,3.343840,3.346880,3.347560,3.362520,
log-static64-fast.txt
estimate_gpu_ms device=AMD Radeon RX 7900 XTX (RADV NAVI31) timestamp_period_ns=10.000000 valid_bits=64 warmup=30 repeat=100 mean=0.016371 median=0.016360 p95=0.016640 min=0.016120 max=0.016960
estimate_gpu_ms_raw=0.016120,0.016120,0.016120,0.016160,0.016160,0.016160,0.016160,0.016200,0.016200,0.016200,0.016200,0.016200,0.016240,0.016240,0.016240,0.016240,0.016240,0.016240,0.016240,0.016240,0.016240,0.016240,0.016280,0.016280,0.016280,0.016280,0.016280,0.016280,0.016280,0.016280,0.016320,0.016320,0.016320,0.016320,0.016320,0.016320,0.016320,0.016320,0.016320,0.016320,0.016320,0.016320,0.016320,0.016320,0.016320,0.016360,0.016360,0.016360,0.016360,0.016360,0.016360,0.016360,0.016360,0.016360,0.016360,0.016400,0.016400,0.016400,0.016400,0.016400,0.016400,0.016400,0.016400,0.016400,0.016400,0.016440,0.016440,0.016440,0.016440,0.016440,0.016440,0.016440,0.016440,0.016440,0.016440,0.016440,0.016440,0.016440,0.016440,0.016480,0.016480,0.016480,0.016480,0.016480,0.016480,0.016480,0.016480,0.016480,0.016520,0.016520,0.016520,0.016560,0.016560,0.016560,0.016600,0.016640,0.016680,0.016680,0.016800,0.016960,
log-static64-w8.txt
estimate_gpu_ms device=AMD Radeon RX 7900 XTX (RADV NAVI31) timestamp_period_ns=10.000000 valid_bits=64 warmup=30 repeat=100 mean=0.138132 median=0.137440 p95=0.142200 min=0.133440 max=0.146040
estimate_gpu_ms_raw=0.133440,0.133560,0.136560,0.136680,0.136680,0.136680,0.136800,0.136840,0.136840,0.136840,0.136840,0.136880,0.136880,0.136880,0.136880,0.136880,0.136960,0.137000,0.137000,0.137000,0.137040,0.137040,0.137040,0.137080,0.137080,0.137120,0.137120,0.137120,0.137160,0.137200,0.137200,0.137200,0.137240,0.137240,0.137240,0.137240,0.137240,0.137280,0.137320,0.137320,0.137320,0.137360,0.137360,0.137400,0.137400,0.137400,0.137400,0.137440,0.137440,0.137440,0.137440,0.137440,0.137480,0.137480,0.137480,0.137480,0.137520,0.137520,0.137520,0.137520,0.137520,0.137560,0.137600,0.137600,0.137600,0.137600,0.137640,0.137680,0.137680,0.137680,0.137720,0.137720,0.137760,0.137760,0.137800,0.137880,0.137880,0.137920,0.137960,0.137960,0.138560,0.138880,0.140880,0.141240,0.141240,0.141520,0.141560,0.141600,0.141680,0.141800,0.141920,0.141960,0.141960,0.142080,0.142160,0.142200,0.142400,0.142560,0.143920,0.146040,
log-trans-fast.txt
estimate_gpu_ms device=AMD Radeon RX 7900 XTX (RADV NAVI31) timestamp_period_ns=10.000000 valid_bits=64 warmup=30 repeat=100 mean=0.561647 median=0.555200 p95=0.693920 min=0.466760 max=0.703160
estimate_gpu_ms_raw=0.466760,0.466960,0.468240,0.470560,0.471680,0.474440,0.476440,0.476600,0.479560,0.481480,0.483600,0.485040,0.485080,0.485920,0.486520,0.488040,0.488200,0.489640,0.493320,0.493400,0.495480,0.496040,0.498440,0.498880,0.502600,0.505960,0.506840,0.512760,0.515720,0.516880,0.517320,0.517600,0.518120,0.519080,0.519520,0.519920,0.521280,0.522360,0.526440,0.526560,0.526760,0.531160,0.531280,0.533440,0.542440,0.543240,0.547880,0.548480,0.551840,0.554040,0.555200,0.555360,0.555480,0.557800,0.557840,0.558120,0.560640,0.560680,0.561840,0.565040,0.569960,0.570800,0.582040,0.583800,0.584240,0.588520,0.592520,0.592560,0.594000,0.596360,0.596960,0.598400,0.599240,0.601840,0.604400,0.605040,0.611160,0.611640,0.628560,0.629000,0.634440,0.639880,0.641920,0.643080,0.643440,0.648600,0.648800,0.651760,0.655480,0.655920,0.669360,0.680200,0.682440,0.682800,0.684400,0.693920,0.696720,0.698760,0.700720,0.703160,
log-trans-w8.txt
estimate_gpu_ms device=AMD Radeon RX 7900 XTX (RADV NAVI31) timestamp_period_ns=10.000000 valid_bits=64 warmup=30 repeat=100 mean=3.145722 median=3.102280 p95=3.326520 min=3.087760 max=3.353200
estimate_gpu_ms_raw=3.087760,3.087960,3.092720,3.092840,3.093840,3.093880,3.093920,3.094000,3.094080,3.094360,3.094360,3.094440,3.094480,3.094560,3.094640,3.094800,3.095560,3.095560,3.095640,3.095760,3.095800,3.095840,3.095960,3.096000,3.096120,3.096240,3.096280,3.096560,3.096800,3.097080,3.097520,3.097520,3.097600,3.098080,3.098120,3.098200,3.098240,3.098480,3.098480,3.098560,3.098880,3.099560,3.100200,3.100320,3.100320,3.100520,3.101040,3.101760,3.101960,3.102240,3.102280,3.103040,3.103320,3.103480,3.105320,3.105520,3.106720,3.108280,3.108440,3.109200,3.114160,3.115400,3.115640,3.117880,3.120680,3.122360,3.126200,3.129720,3.137600,3.145600,3.154640,3.160080,3.164800,3.165640,3.170280,3.170920,3.176880,3.193720,3.196640,3.198920,3.206840,3.221520,3.224040,3.229320,3.241640,3.245760,3.255000,3.263240,3.269400,3.293160,3.298640,3.298680,3.309280,3.315520,3.319040,3.326520,3.327760,3.347360,3.347480,3.353200,
